   1.0000000e+00   2.7050000e+02   2.6450000e+02   2.8873810e+02   2.9811905e+02
   2.0000000e+00   2.7271054e+02   2.6413160e+02   2.9069050e+02   2.9835715e+02
   3.0000000e+00   2.7513160e+02   2.6428946e+02   2.9250000e+02   2.9850000e+02
   4.0000000e+00   2.7740000e+02   2.6445000e+02   2.9445000e+02   2.9860000e+02
   5.0000000e+00   2.7959090e+02   2.6440910e+02   2.9628946e+02   2.9913160e+02
   6.0000000e+00   2.8186840e+02   2.6428946e+02   2.9800000e+02   2.9930000e+02
   7.0000000e+00   2.8434210e+02   2.6434210e+02   2.9971054e+02   2.9950000e+02
   8.0000000e+00   2.8650000e+02   2.6450000e+02   3.0160000e+02   2.9955000e+02
   9.0000000e+00   2.8888095e+02   2.6450000e+02   3.0328946e+02   3.0013160e+02
   1.0000000e+01   2.9111905e+02   2.6450000e+02   3.0530950e+02   3.0035715e+02
   1.1000000e+01   2.9350000e+02   2.6450000e+02   3.0695000e+02   3.0060000e+02
   1.2000000e+01   2.9560000e+02   2.6455000e+02   3.0875000e+02   3.0075000e+02
   1.3000000e+01   2.9813160e+02   2.6471054e+02   3.1065790e+02   3.0134210e+02
   1.4000000e+01   3.0025000e+02   2.6475000e+02   3.1250000e+02   3.0150000e+02
   1.5000000e+01   3.0272223e+02   2.6500000e+02   3.1420000e+02   3.0160000e+02
   1.6000000e+01   3.0500000e+02   2.6527777e+02   3.1583334e+02   3.0188890e+02
   1.7000000e+01   3.0725000e+02   2.6525000e+02   3.1775000e+02   3.0225000e+02
   1.8000000e+01   3.0950000e+02   2.6550000e+02   3.1950000e+02   3.0250000e+02
   1.9000000e+01   3.1171054e+02   2.6550000e+02   3.2125000e+02   3.0275000e+02
   2.0000000e+01   3.1413160e+02   2.6571054e+02   3.2286840e+02   3.0328946e+02
   2.1000000e+01   3.1625000e+02   2.6575000e+02   3.2469050e+02   3.0335715e+02
   2.2000000e+01   3.1872223e+02   2.6600000e+02   3.2650000e+02   3.0350000e+02
   2.3000000e+01   3.2086840e+02   2.6628946e+02   3.2828946e+02   3.0413160e+02
   2.4000000e+01   3.2328946e+02   2.6650000e+02   3.2986840e+02   3.0428946e+02
   2.5000000e+01   3.2550000e+02   2.6650000e+02   3.3165790e+02   3.0465790e+02
   2.6000000e+01   3.2775000e+02   2.6675000e+02   3.3330000e+02   3.0500000e+02
   2.7000000e+01   3.3013160e+02   2.6728946e+02   3.3513160e+02   3.0528946e+02
   2.8000000e+01   3.3234210e+02   2.6734210e+02   3.3671054e+02   3.0550000e+02
   2.9000000e+01   3.3450000e+02   2.6750000e+02   3.3872223e+02   3.0600000e+02
   3.0000000e+01   3.3671054e+02   2.6786840e+02   3.4044736e+02   3.0634210e+02
   3.1000000e+01   3.3902942e+02   2.6814706e+02   3.4200000e+02   3.0650000e+02
   3.2000000e+01   3.4140000e+02   2.6845000e+02   3.4371054e+02   3.0686840e+02
   3.3000000e+01   3.4350000e+02   2.6850000e+02   3.4540000e+02   3.0745000e+02
   3.4000000e+01   3.4570000e+02   2.6900000e+02   3.4720000e+02   3.0760000e+02
   3.5000000e+01   3.4786840e+02   2.6928946e+02   3.4875000e+02   3.0775000e+02
   3.6000000e+01   3.5020000e+02   2.6960000e+02   3.5055000e+02   3.0840000e+02
   3.7000000e+01   3.5228946e+02   2.6986840e+02   3.5228946e+02   3.0850000e+02
   3.8000000e+01   3.5450000e+02   2.7050000e+02   3.5375000e+02   3.0875000e+02
   3.9000000e+01   3.5671054e+02   2.7050000e+02   3.5555000e+02   3.0940000e+02
   4.0000000e+01   3.5902630e+02   2.7086840e+02   3.5720000e+02   3.0960000e+02
   4.1000000e+01   3.6140000e+02   2.7145000e+02   3.5875000e+02   3.0975000e+02
   4.2000000e+01   3.6350000e+02   2.7150000e+02   3.6050000e+02   3.1028946e+02
   4.3000000e+01   3.6575000e+02   2.7225000e+02   3.6220000e+02   3.1060000e+02
   4.4000000e+01   3.6780000e+02   2.7240000e+02   3.6375000e+02   3.1075000e+02
   4.5000000e+01   3.7002630e+02   2.7286840e+02   3.6550000e+02   3.1150000e+02
   4.6000000e+01   3.7228946e+02   2.7350000e+02   3.6711905e+02   3.1150000e+02
   4.7000000e+01   3.7434210e+02   2.7365790e+02   3.6871054e+02   3.1186840e+02
   4.8000000e+01   3.7655000e+02   2.7440000e+02   3.7040000e+02   3.1245000e+02
   4.9000000e+01   3.7871054e+02   2.7450000e+02   3.7185000e+02   3.1250000e+02
   5.0000000e+01   3.8070000e+02   2.7500000e+02   3.7372223e+02   3.1300000e+02
   5.1000000e+01   3.8300000e+02   2.7550000e+02   3.7528946e+02   3.1350000e+02
   5.2000000e+01   3.8526190e+02   2.7588095e+02   3.7671054e+02   3.1350000e+02
   5.3000000e+01   3.8734210e+02   2.7634210e+02   3.7827777e+02   3.1400000e+02
   5.4000000e+01   3.8928946e+02   2.7686840e+02   3.8000000e+02   3.1430000e+02
   5.5000000e+01   3.9150000e+02   2.7750000e+02   3.8150000e+02   3.1450000e+02
   5.6000000e+01   3.9371054e+02   2.7786840e+02   3.8325000e+02   3.1525000e+02
   5.7000000e+01   3.9580000e+02   2.7840000e+02   3.8477274e+02   3.1554544e+02
   5.8000000e+01   3.9775000e+02   2.7875000e+02   3.8625000e+02   3.1575000e+02
   5.9000000e+01   4.0000000e+02   2.7950000e+02   3.8786840e+02   3.1628946e+02
   6.0000000e+01   4.0200000e+02   2.8000000e+02   3.8950000e+02   3.1650000e+02
   6.1000000e+01   4.0420000e+02   2.8060000e+02   3.9113160e+02   3.1671054e+02
   6.2000000e+01   4.0627777e+02   2.8100000e+02   3.9275000e+02   3.1725000e+02
   6.3000000e+01   4.0820000e+02   2.8160000e+02   3.9420000e+02   3.1760000e+02
   6.4000000e+01   4.1028946e+02   2.8213160e+02   3.9571054e+02   3.1786840e+02
   6.5000000e+01   4.1250000e+02   2.8250000e+02   3.9730950e+02   3.1835715e+02
   6.6000000e+01   4.1440000e+02   2.8345000e+02   3.9871054e+02   3.1850000e+02
   6.7000000e+01   4.1645000e+02   2.8360000e+02   4.0027777e+02   3.1900000e+02
   6.8000000e+01   4.1850000e+02   2.8450000e+02   4.0186840e+02   3.1928946e+02
   6.9000000e+01   4.2039474e+02   2.8492105e+02   4.0350000e+02   3.1950000e+02
   7.0000000e+01   4.2250000e+02   2.8550000e+02   4.0485000e+02   3.2015000e+02
   7.1000000e+01   4.2450000e+02   2.8628946e+02   4.0650000e+02   3.2050000e+02
   7.2000000e+01   4.2645000e+02   2.8660000e+02   4.0786840e+02   3.2071054e+02
   7.3000000e+01   4.2850000e+02   2.8750000e+02   4.0950000e+02   3.2128946e+02
   7.4000000e+01   4.3027777e+02   2.8800000e+02   4.1100000e+02   3.2130000e+02
   7.5000000e+01   4.3250000e+02   2.8850000e+02   4.1245000e+02   3.2160000e+02
   7.6000000e+01   4.3450000e+02   2.8950000e+02   4.1375000e+02   3.2225000e+02
   7.7000000e+01   4.3625000e+02   2.8975000e+02   4.1550000e+02   3.2250000e+02
   7.8000000e+01   4.3840000e+02   2.9045000e+02   4.1675000e+02   3.2275000e+02
   7.9000000e+01   4.4028946e+02   2.9113160e+02   4.1834210e+02   3.2334210e+02
   8.0000000e+01   4.4213160e+02   2.9171054e+02   4.1971054e+02   3.2350000e+02
   8.1000000e+01   4.4400000e+02   2.9250000e+02   4.2125000e+02   3.2375000e+02
   8.2000000e+01   4.4586840e+02   2.9328946e+02   4.2275000e+02   3.2425000e+02
   8.3000000e+01   4.4786840e+02   2.9371054e+02   4.2440910e+02   3.2459090e+02
   8.4000000e+01   4.4950000e+02   2.9450000e+02   4.2571054e+02   3.2486840e+02
   8.5000000e+01   4.5155000e+02   2.9540000e+02   4.2713160e+02   3.2528946e+02
   8.6000000e+01   4.5345000e+02   2.9560000e+02   4.2850000e+02   3.2550000e+02
   8.7000000e+01   4.5520000e+02   2.9640000e+02   4.3000000e+02   3.2572223e+02
   8.8000000e+01   4.5713160e+02   2.9728946e+02   4.3140000e+02   3.2645000e+02
   8.9000000e+01   4.5886840e+02   2.9771054e+02   4.3277777e+02   3.2638890e+02
   9.0000000e+01   4.6071054e+02   2.9850000e+02   4.3425000e+02   3.2675000e+02
   9.1000000e+01   4.6255000e+02   2.9940000e+02   4.3575000e+02   3.2725000e+02
   9.2000000e+01   4.6430000e+02   3.0000000e+02   4.3720000e+02   3.2760000e+02
   9.3000000e+01   4.6620000e+02   3.0060000e+02   4.3845000e+02   3.2760000e+02
   9.4000000e+01   4.6800000e+02   3.0130000e+02   4.3986840e+02   3.2828946e+02
   9.5000000e+01   4.6973810e+02   3.0211905e+02   4.4150000e+02   3.2850000e+02
   9.6000000e+01   4.7145000e+02   3.0260000e+02   4.4269050e+02   3.2864285e+02
   9.7000000e+01   4.7350000e+02   3.0350000e+02   4.4425000e+02   3.2925000e+02
   9.8000000e+01   4.7513160e+02   3.0428946e+02   4.4550000e+02   3.2950000e+02
   9.9000000e+01   4.7671054e+02   3.0486840e+02   4.4665790e+02   3.2965790e+02
   1.0000000e+02   4.7850000e+02   3.0550000e+02   4.4828946e+02   3.3013160e+02
   1.0100000e+02   4.8040000e+02   3.0645000e+02   4.4960000e+02   3.3045000e+02
   1.0200000e+02   4.8200000e+02   3.0730000e+02   4.5100000e+02   3.3050000e+02
   1.0300000e+02   4.8371054e+02   3.0786840e+02   4.5225000e+02   3.3075000e+02
   1.0400000e+02   4.8550000e+02   3.0850000e+02   4.5365000e+02   3.3125000e+02
   1.0500000e+02   4.8700000e+02   3.0930000e+02   4.5507144e+02   3.3140475e+02
   1.0600000e+02   4.8870000e+02   3.1000000e+02   4.5650000e+02   3.3150000e+02
   1.0700000e+02   4.9025000e+02   3.1075000e+02   4.5770000e+02   3.3200000e+02
   1.0800000e+02   4.9192856e+02   3.1140475e+02   4.5920000e+02   3.3240000e+02
   1.0900000e+02   4.9350000e+02   3.1250000e+02   4.6050000e+02   3.3250000e+02
   1.1000000e+02   4.9540000e+02   3.1320000e+02   4.6175000e+02   3.3275000e+02
   1.1100000e+02   4.9683334e+02   3.1383334e+02   4.6325000e+02   3.3325000e+02
   1.1200000e+02   4.9850000e+02   3.1450000e+02   4.6450000e+02   3.3350000e+02
   1.1300000e+02   5.0000000e+02   3.1530000e+02   4.6571054e+02   3.3350000e+02
   1.1400000e+02   5.0171054e+02   3.1586840e+02   4.6725000e+02   3.3375000e+02
   1.1500000e+02   5.0313160e+02   3.1671054e+02   4.6855000e+02   3.3440000e+02
   1.1600000e+02   5.0460000e+02   3.1755000e+02   4.6980000e+02   3.3440000e+02
   1.1700000e+02   5.0634210e+02   3.1834210e+02   4.7113160e+02   3.3471054e+02
   1.1800000e+02   5.0775000e+02   3.1925000e+02   4.7240000e+02   3.3480000e+02
   1.1900000e+02   5.0930950e+02   3.1964285e+02   4.7375000e+02   3.3525000e+02
   1.2000000e+02   5.1080000e+02   3.2040000e+02   4.7500000e+02   3.3530000e+02
   1.2100000e+02   5.1240000e+02   3.2145000e+02   4.7630950e+02   3.3564285e+02
   1.2200000e+02   5.1373810e+02   3.2188095e+02   4.7760000e+02   3.3595000e+02
   1.2300000e+02   5.1550000e+02   3.2250000e+02   4.7886840e+02   3.3628946e+02
   1.2400000e+02   5.1680000e+02   3.2340000e+02   4.8020000e+02   3.3640000e+02
   1.2500000e+02   5.1825000e+02   3.2425000e+02   4.8150000e+02   3.3650000e+02
   1.2600000e+02   5.1975000e+02   3.2475000e+02   4.8275000e+02   3.3675000e+02
   1.2700000e+02   5.2120000e+02   3.2560000e+02   4.8386840e+02   3.3676315e+02
   1.2800000e+02   5.2260000e+02   3.2645000e+02   4.8525000e+02   3.3725000e+02
   1.2900000e+02   5.2413160e+02   3.2728946e+02   4.8650000e+02   3.3750000e+02
   1.3000000e+02   5.2545000e+02   3.2760000e+02   4.8777777e+02   3.3761110e+02
   1.3100000e+02   5.2680000e+02   3.2840000e+02   4.8913160e+02   3.3771054e+02
   1.3200000e+02   5.2850000e+02   3.2950000e+02   4.9028946e+02   3.3813160e+02
   1.3300000e+02   5.2972220e+02   3.3000000e+02   4.9175000e+02   3.3825000e+02
   1.3400000e+02   5.3113160e+02   3.3071054e+02   4.9286840e+02   3.3828946e+02
   1.3500000e+02   5.3250000e+02   3.3150000e+02   4.9420000e+02   3.3860000e+02
   1.3600000e+02   5.3375000e+02   3.3225000e+02   4.9540910e+02   3.3859090e+02
   1.3700000e+02   5.3513160e+02   3.3271054e+02   4.9671054e+02   3.3886840e+02
   1.3800000e+02   5.3650000e+02   3.3350000e+02   4.9785000e+02   3.3915000e+02
   1.3900000e+02   5.3775000e+02   3.3425000e+02   4.9913160e+02   3.3928946e+02
   1.4000000e+02   5.3915000e+02   3.3485000e+02   5.0050000e+02   3.3950000e+02
   1.4100000e+02   5.4050000e+02   3.3550000e+02   5.0150000e+02   3.3950000e+02
   1.4200000e+02   5.4150000e+02   3.3650000e+02   5.0271054e+02   3.3950000e+02
   1.4300000e+02   5.4297370e+02   3.3713160e+02   5.0413160e+02   3.3971054e+02
   1.4400000e+02   5.4428950e+02   3.3786840e+02   5.0527777e+02   3.4000000e+02
   1.4500000e+02   5.4550000e+02   3.3850000e+02   5.0661110e+02   3.4022223e+02
   1.4600000e+02   5.4673810e+02   3.3911905e+02   5.0783334e+02   3.4016666e+02
   1.4700000e+02   5.4813160e+02   3.3971054e+02   5.0907895e+02   3.4039474e+02
   1.4800000e+02   5.4940000e+02   3.4045000e+02   5.1028946e+02   3.4050000e+02
   1.4900000e+02   5.5050000e+02   3.4128946e+02   5.1150000e+02   3.4050000e+02
   1.5000000e+02   5.5160000e+02   3.4155000e+02   5.1260000e+02   3.4055000e+02
   1.5100000e+02   5.5280000e+02   3.4240000e+02   5.1375000e+02   3.4075000e+02
   1.5200000e+02   5.5425000e+02   3.4325000e+02   5.1526190e+02   3.4088095e+02
   1.5300000e+02   5.5525000e+02   3.4375000e+02   5.1628950e+02   3.4113160e+02
   1.5400000e+02   5.5650000e+02   3.4450000e+02   5.1775000e+02   3.4125000e+02
   1.5500000e+02   5.5772220e+02   3.4500000e+02   5.1875000e+02   3.4125000e+02
   1.5600000e+02   5.5871050e+02   3.4550000e+02   5.2000000e+02   3.4130000e+02
   1.5700000e+02   5.5986840e+02   3.4628946e+02   5.2128950e+02   3.4150000e+02
   1.5800000e+02   5.6113160e+02   3.4671054e+02   5.2250000e+02   3.4150000e+02
   1.5900000e+02   5.6228950e+02   3.4750000e+02   5.2355000e+02   3.4160000e+02
   1.6000000e+02   5.6328950e+02   3.4813160e+02   5.2477780e+02   3.4161110e+02
   1.6100000e+02   5.6450000e+02   3.4850000e+02   5.2620000e+02   3.4160000e+02
   1.6200000e+02   5.6560000e+02   3.4945000e+02   5.2740000e+02   3.4155000e+02
   1.6300000e+02   5.6675000e+02   3.4975000e+02   5.2850000e+02   3.4150000e+02
   1.6400000e+02   5.6780000e+02   3.5040000e+02   5.2965790e+02   3.4165790e+02
   1.6500000e+02   5.6870000e+02   3.5100000e+02   5.3086840e+02   3.4171054e+02
   1.6600000e+02   5.6980000e+02   3.5160000e+02   5.3213160e+02   3.4171054e+02
   1.6700000e+02   5.7113160e+02   3.5228946e+02   5.3325000e+02   3.4175000e+02
   1.6800000e+02   5.7213160e+02   3.5271054e+02   5.3461110e+02   3.4177777e+02
   1.6900000e+02   5.7313160e+02   3.5328946e+02   5.3576320e+02   3.4186840e+02
   1.7000000e+02   5.7425000e+02   3.5375000e+02   5.3700000e+02   3.4172223e+02
   1.7100000e+02   5.7540000e+02   3.5445000e+02   5.3826190e+02   3.4188095e+02
   1.7200000e+02   5.7625000e+02   3.5475000e+02   5.3928950e+02   3.4186840e+02
   1.7300000e+02   5.7740000e+02   3.5545000e+02   5.4071050e+02   3.4186840e+02
   1.7400000e+02   5.7825000e+02   3.5575000e+02   5.4175000e+02   3.4175000e+02
   1.7500000e+02   5.7940000e+02   3.5645000e+02   5.4313160e+02   3.4176315e+02
   1.7600000e+02   5.8025000e+02   3.5675000e+02   5.4425000e+02   3.4175000e+02
   1.7700000e+02   5.8140000e+02   3.5745000e+02   5.4550000e+02   3.4150000e+02
   1.7800000e+02   5.8225000e+02   3.5775000e+02   5.4665790e+02   3.4165790e+02
   1.7900000e+02   5.8340000e+02   3.5845000e+02   5.4786840e+02   3.4171054e+02
   1.8000000e+02   5.8425000e+02   3.5875000e+02   5.4913160e+02   3.4171054e+02
   1.8100000e+02   5.8525000e+02   3.5925000e+02   5.5025000e+02   3.4175000e+02
   1.8200000e+02   5.8620000e+02   3.5960000e+02   5.5150000e+02   3.4150000e+02
   1.8300000e+02   5.8728950e+02   3.6013160e+02   5.5260000e+02   3.4155000e+02
   1.8400000e+02   5.8820000e+02   3.6060000e+02   5.5371050e+02   3.4150000e+02
   1.8500000e+02   5.8915000e+02   3.6085000e+02   5.5500000e+02   3.4150000e+02
   1.8600000e+02   5.9013160e+02   3.6128946e+02   5.5630950e+02   3.4135715e+02
   1.8700000e+02   5.9086840e+02   3.6171054e+02   5.5750000e+02   3.4150000e+02
   1.8800000e+02   5.9175000e+02   3.6225000e+02   5.5865790e+02   3.4134210e+02
   1.8900000e+02   5.9260000e+02   3.6245000e+02   5.5986840e+02   3.4128946e+02
   1.9000000e+02   5.9371050e+02   3.6286840e+02   5.6125000e+02   3.4125000e+02
   1.9100000e+02   5.9455000e+02   3.6340000e+02   5.6228950e+02   3.4113160e+02
   1.9200000e+02   5.9550000e+02   3.6350000e+02   5.6371050e+02   3.4086840e+02
   1.9300000e+02   5.9630000e+02   3.6400000e+02   5.6475000e+02   3.4075000e+02
   1.9400000e+02   5.9740000e+02   3.6445000e+02   5.6613160e+02   3.4071054e+02
   1.9500000e+02   5.9820000e+02   3.6460000e+02   5.6740000e+02   3.4055000e+02
   1.9600000e+02   5.9915000e+02   3.6485000e+02   5.6850000e+02   3.4050000e+02
   1.9700000e+02   5.9986840e+02   3.6528946e+02   5.6969050e+02   3.4035715e+02
   1.9800000e+02   6.0071050e+02   3.6550000e+02   5.7086840e+02   3.4028946e+02
   1.9900000e+02   6.0175000e+02   3.6575000e+02   5.7228950e+02   3.4013160e+02
   2.0000000e+02   6.0261110e+02   3.6622223e+02   5.7328950e+02   3.3986840e+02
   2.0100000e+02   6.0350000e+02   3.6650000e+02   5.7465790e+02   3.3965790e+02
   2.0200000e+02   6.0440000e+02   3.6655000e+02   5.7571050e+02   3.3950000e+02
   2.0300000e+02   6.0526190e+02   3.6688095e+02   5.7720000e+02   3.3960000e+02
   2.0400000e+02   6.0600000e+02   3.6727777e+02   5.7850000e+02   3.3950000e+02
   2.0500000e+02   6.0686840e+02   3.6728946e+02   5.7965790e+02   3.3934210e+02
   2.0600000e+02   6.0769050e+02   3.6764285e+02   5.8070000e+02   3.3900000e+02
   2.0700000e+02   6.0850000e+02   3.6750000e+02   5.8213160e+02   3.3871054e+02
   2.0800000e+02   6.0940000e+02   3.6805000e+02   5.8340910e+02   3.3859090e+02
   2.0900000e+02   6.1025000e+02   3.6825000e+02   5.8450000e+02   3.3850000e+02
   2.1000000e+02   6.1120000e+02   3.6840000e+02   5.8575000e+02   3.3825000e+02
   2.1100000e+02   6.1192860e+02   3.6840475e+02   5.8713160e+02   3.3828946e+02
   2.1200000e+02   6.1265790e+02   3.6865790e+02   5.8828950e+02   3.3813160e+02
   2.1300000e+02   6.1361110e+02   3.6877777e+02   5.8960000e+02   3.3755000e+02
   2.1400000e+02   6.1428950e+02   3.6913160e+02   5.9071050e+02   3.3750000e+02
   2.1500000e+02   6.1525000e+02   3.6925000e+02   5.9228950e+02   3.3750000e+02
   2.1600000e+02   6.1613160e+02   3.6928946e+02   5.9338890e+02   3.3722223e+02
   2.1700000e+02   6.1686840e+02   3.6928946e+02   5.9471050e+02   3.3686840e+02
   2.1800000e+02   6.1760000e+02   3.6945000e+02   5.9600000e+02   3.3670000e+02
   2.1900000e+02   6.1850000e+02   3.6950000e+02   5.9720000e+02   3.3640000e+02
   2.2000000e+02   6.1950000e+02   3.6950000e+02   5.9850000e+02   3.3650000e+02
   2.2100000e+02   6.2013160e+02   3.6971054e+02   5.9970000e+02   3.3600000e+02
   2.2200000e+02   6.2100000e+02   3.6970000e+02   6.0113160e+02   3.3571054e+02
   2.2300000e+02   6.2175000e+02   3.6975000e+02   6.0250000e+02   3.3550000e+02
   2.2400000e+02   6.2265790e+02   3.6965790e+02   6.0369050e+02   3.3535715e+02
   2.2500000e+02   6.2350000e+02   3.6971054e+02   6.0500000e+02   3.3527777e+02
   2.2600000e+02   6.2428950e+02   3.6986840e+02   6.0634210e+02   3.3465790e+02
   2.2700000e+02   6.2511110e+02   3.6983334e+02   6.0750000e+02   3.3450000e+02
   2.2800000e+02   6.2575000e+02   3.6975000e+02   6.0900000e+02   3.3427777e+02
   2.2900000e+02   6.2675000e+02   3.6975000e+02   6.1028950e+02   3.3413160e+02
   2.3000000e+02   6.2745000e+02   3.6960000e+02   6.1150000e+02   3.3371054e+02
   2.3100000e+02   6.2825000e+02   3.6975000e+02   6.1271050e+02   3.3350000e+02
   2.3200000e+02   6.2913160e+02   3.6971054e+02   6.1430950e+02   3.3335715e+02
   2.3300000e+02   6.2985000e+02   3.6950000e+02   6.1570000e+02   3.3300000e+02
   2.3400000e+02   6.3060000e+02   3.6955000e+02   6.1686840e+02   3.3271054e+02
   2.3500000e+02   6.3150000e+02   3.6950000e+02   6.1828950e+02   3.3250000e+02
   2.3600000e+02   6.3250000e+02   3.6950000e+02   6.1955000e+02   3.3240000e+02
   2.3700000e+02   6.3340000e+02   3.6945000e+02   6.2075000e+02   3.3175000e+02
   2.3800000e+02   6.3400000e+02   3.6927777e+02   6.2230950e+02   3.3164285e+02
   2.3900000e+02   6.3473810e+02   3.6911905e+02   6.2350000e+02   3.3150000e+02
   2.4000000e+02   6.3571050e+02   3.6886840e+02   6.2485000e+02   3.3115000e+02
   2.4100000e+02   6.3645000e+02   3.6860000e+02   6.2625000e+02   3.3075000e+02
   2.4200000e+02   6.3755000e+02   3.6860000e+02   6.2750000e+02   3.3050000e+02
   2.4300000e+02   6.3828950e+02   3.6850000e+02   6.2900000e+02   3.3027777e+02
   2.4400000e+02   6.3886840e+02   3.6828946e+02   6.3034210e+02   3.2965790e+02
   2.4500000e+02   6.3973810e+02   3.6811905e+02   6.3171050e+02   3.2950000e+02
   2.4600000e+02   6.4060000e+02   3.6780000e+02   6.3313160e+02   3.2928946e+02
   2.4700000e+02   6.4150000e+02   3.6750000e+02   6.3461770e+02   3.2891177e+02
   2.4800000e+02   6.4250000e+02   3.6750000e+02   6.3585000e+02   3.2850000e+02
   2.4900000e+02   6.4330950e+02   3.6735715e+02   6.3740000e+02   3.2845000e+02
