Frame	X1	Y1	Flag1	X2	Y2	Flag2
Tracks 1 to 2
1	270.5	264.5	 	288.7381	298.11905	 
2	272.71054	264.1316	*	290.6905	298.35715	*
3	275.1316	264.28946	*	292.5	298.5	*
4	277.4	264.45	*	294.45	298.6	*
5	279.5909	264.4091	*	296.28946	299.1316	*
6	281.8684	264.28946	*	298.0	299.3	*
7	284.3421	264.3421	*	299.71054	299.5	*
8	286.5	264.5	*	301.6	299.55	*
9	288.88095	264.5	*	303.28946	300.1316	*
10	291.11905	264.5	*	305.3095	300.35715	*
11	293.5	264.5	*	306.95	300.6	*
12	295.6	264.55	*	308.75	300.75	*
13	298.1316	264.71054	*	310.6579	301.3421	*
14	300.25	264.75	*	312.5	301.5	*
15	302.72223	265.0	*	314.2	301.6	*
16	305.0	265.27777	*	315.83334	301.8889	*
17	307.25	265.25	*	317.75	302.25	*
18	309.5	265.5	*	319.5	302.5	*
19	311.71054	265.5	*	321.25	302.75	*
20	314.1316	265.71054	*	322.8684	303.28946	*
21	316.25	265.75	*	324.6905	303.35715	*
22	318.72223	266.0	*	326.5	303.5	*
23	320.8684	266.28946	*	328.28946	304.1316	*
24	323.28946	266.5	*	329.8684	304.28946	*
25	325.5	266.5	*	331.6579	304.6579	*
26	327.75	266.75	*	333.3	305.0	*
27	330.1316	267.28946	*	335.1316	305.28946	*
28	332.3421	267.3421	*	336.71054	305.5	*
29	334.5	267.5	*	338.72223	306.0	*
30	336.71054	267.8684	*	340.44736	306.3421	*
31	339.02942	268.14706	*	342.0	306.5	*
32	341.4	268.45	*	343.71054	306.8684	*
33	343.5	268.5	*	345.4	307.45	*
34	345.7	269.0	*	347.2	307.6	*
35	347.8684	269.28946	*	348.75	307.75	*
36	350.2	269.6	*	350.55	308.4	*
37	352.28946	269.8684	*	352.28946	308.5	*
38	354.5	270.5	*	353.75	308.75	*
39	356.71054	270.5	*	355.55	309.4	*
40	359.0263	270.8684	*	357.2	309.6	*
41	361.4	271.45	*	358.75	309.75	*
42	363.5	271.5	*	360.5	310.28946	*
43	365.75	272.25	*	362.2	310.6	*
44	367.8	272.4	*	363.75	310.75	*
45	370.0263	272.8684	*	365.5	311.5	*
46	372.28946	273.5	*	367.11905	311.5	*
47	374.3421	273.6579	*	368.71054	311.8684	*
48	376.55	274.4	*	370.4	312.45	*
49	378.71054	274.5	*	371.85	312.5	*
50	380.7	275.0	*	373.72223	313.0	*
51	383.0	275.5	*	375.28946	313.5	*
52	385.2619	275.88095	*	376.71054	313.5	*
53	387.3421	276.3421	*	378.27777	314.0	*
54	389.28946	276.8684	*	380.0	314.3	*
55	391.5	277.5	*	381.5	314.5	*
56	393.71054	277.8684	*	383.25	315.25	*
57	395.8	278.4	*	384.77274	315.54544	*
58	397.75	278.75	*	386.25	315.75	*
59	400.0	279.5	*	387.8684	316.28946	*
60	402.0	280.0	*	389.5	316.5	*
61	404.2	280.6	*	391.1316	316.71054	*
62	406.27777	281.0	*	392.75	317.25	*
63	408.2	281.6	*	394.2	317.6	*
64	410.28946	282.1316	*	395.71054	317.8684	*
65	412.5	282.5	*	397.3095	318.35715	*
66	414.4	283.45	*	398.71054	318.5	*
67	416.45	283.6	*	400.27777	319.0	*
68	418.5	284.5	*	401.8684	319.28946	*
69	420.39474	284.92105	*	403.5	319.5	*
70	422.5	285.5	*	404.85	320.15	*
71	424.5	286.28946	*	406.5	320.5	*
72	426.45	286.6	*	407.8684	320.71054	*
73	428.5	287.5	*	409.5	321.28946	*
74	430.27777	288.0	*	411.0	321.3	*
75	432.5	288.5	*	412.45	321.6	*
76	434.5	289.5	*	413.75	322.25	*
77	436.25	289.75	*	415.5	322.5	*
78	438.4	290.45	*	416.75	322.75	*
79	440.28946	291.1316	*	418.3421	323.3421	*
80	442.1316	291.71054	*	419.71054	323.5	*
81	444.0	292.5	*	421.25	323.75	*
82	445.8684	293.28946	*	422.75	324.25	*
83	447.8684	293.71054	*	424.4091	324.5909	*
84	449.5	294.5	*	425.71054	324.8684	*
85	451.55	295.4	*	427.1316	325.28946	*
86	453.45	295.6	*	428.5	325.5	*
87	455.2	296.4	*	430.0	325.72223	*
88	457.1316	297.28946	*	431.4	326.45	*
89	458.8684	297.71054	*	432.77777	326.3889	*
90	460.71054	298.5	*	434.25	326.75	*
91	462.55	299.4	*	435.75	327.25	*
92	464.3	300.0	*	437.2	327.6	*
93	466.2	300.6	*	438.45	327.6	*
94	468.0	301.3	*	439.8684	328.28946	*
95	469.7381	302.11905	*	441.5	328.5	*
96	471.45	302.6	*	442.6905	328.64285	*
97	473.5	303.5	*	444.25	329.25	*
98	475.1316	304.28946	*	445.5	329.5	*
99	476.71054	304.8684	*	446.6579	329.6579	*
100	478.5	305.5	*	448.28946	330.1316	*
101	480.4	306.45	*	449.6	330.45	*
102	482.0	307.3	*	451.0	330.5	*
103	483.71054	307.8684	*	452.25	330.75	*
104	485.5	308.5	*	453.65	331.25	*
105	487.0	309.3	*	455.07144	331.40475	*
106	488.7	310.0	*	456.5	331.5	*
107	490.25	310.75	*	457.7	332.0	*
108	491.92856	311.40475	*	459.2	332.4	*
109	493.5	312.5	*	460.5	332.5	*
110	495.4	313.2	*	461.75	332.75	*
111	496.83334	313.83334	*	463.25	333.25	*
112	498.5	314.5	*	464.5	333.5	*
113	500.0	315.3	*	465.71054	333.5	*
114	501.71054	315.8684	*	467.25	333.75	*
115	503.1316	316.71054	*	468.55	334.4	*
116	504.6	317.55	*	469.8	334.4	*
117	506.3421	318.3421	*	471.1316	334.71054	*
118	507.75	319.25	*	472.4	334.8	*
119	509.3095	319.64285	*	473.75	335.25	*
120	510.8	320.4	*	475.0	335.3	*
121	512.4	321.45	*	476.3095	335.64285	*
122	513.7381	321.88095	*	477.6	335.95	*
123	515.5	322.5	*	478.8684	336.28946	*
124	516.8	323.4	*	480.2	336.4	*
125	518.25	324.25	*	481.5	336.5	*
126	519.75	324.75	*	482.75	336.75	*
127	521.2	325.6	*	483.8684	336.76315	*
128	522.6	326.45	*	485.25	337.25	*
129	524.1316	327.28946	*	486.5	337.5	*
130	525.45	327.6	*	487.77777	337.6111	*
131	526.8	328.4	*	489.1316	337.71054	*
132	528.5	329.5	*	490.28946	338.1316	*
133	529.7222	330.0	*	491.75	338.25	*
134	531.1316	330.71054	*	492.8684	338.28946	*
135	532.5	331.5	*	494.2	338.6	*
136	533.75	332.25	*	495.4091	338.5909	*
137	535.1316	332.71054	*	496.71054	338.8684	*
138	536.5	333.5	*	497.85	339.15	*
139	537.75	334.25	*	499.1316	339.28946	*
140	539.15	334.85	*	500.5	339.5	*
141	540.5	335.5	*	501.5	339.5	*
142	541.5	336.5	*	502.71054	339.5	*
143	542.9737	337.1316	*	504.1316	339.71054	*
144	544.2895	337.8684	*	505.27777	340.0	*
145	545.5	338.5	*	506.6111	340.22223	*
146	546.7381	339.11905	*	507.83334	340.16666	*
147	548.1316	339.71054	*	509.07895	340.39474	*
148	549.4	340.45	*	510.28946	340.5	 
149	550.5	341.28946	*	511.5	340.5	 
150	551.6	341.55	*	512.6	340.55	 
151	552.8	342.4	*	513.75	340.75	 
152	554.25	343.25	*	515.2619	340.88095	 
153	555.25	343.75	*	516.2895	341.1316	 
154	556.5	344.5	*	517.75	341.25	 
155	557.7222	345.0	*	518.75	341.25	 
156	558.7105	345.5	*	520.0	341.3	 
157	559.8684	346.28946	*	521.2895	341.5	 
158	561.1316	346.71054	*	522.5	341.5	 
159	562.2895	347.5	*	523.55	341.6	 
160	563.2895	348.1316	*	524.7778	341.6111	 
161	564.5	348.5	*	526.2	341.6	 
162	565.6	349.45	*	527.4	341.55	 
163	566.75	349.75	*	528.5	341.5	 
164	567.8	350.4	*	529.6579	341.6579	 
165	568.7	351.0	*	530.8684	341.71054	 
166	569.8	351.6	*	532.1316	341.71054	 
167	571.1316	352.28946	*	533.25	341.75	 
168	572.1316	352.71054	*	534.6111	341.77777	 
169	573.1316	353.28946	*	535.7632	341.8684	 
170	574.25	353.75	*	537.0	341.72223	 
171	575.4	354.45	*	538.2619	341.88095	 
172	576.25	354.75	*	539.2895	341.8684	 
173	577.4	355.45	*	540.7105	341.8684	 
174	578.25	355.75	*	541.75	341.75	 
175	579.4	356.45	*	543.1316	341.76315	 
176	580.25	356.75	*	544.25	341.75	 
177	581.4	357.45	*	545.5	341.5	 
178	582.25	357.75	*	546.6579	341.6579	 
179	583.4	358.45	*	547.8684	341.71054	 
180	584.25	358.75	*	549.1316	341.71054	 
181	585.25	359.25	*	550.25	341.75	 
182	586.2	359.6	*	551.5	341.5	 
183	587.2895	360.1316	*	552.6	341.55	 
184	588.2	360.6	*	553.7105	341.5	 
185	589.15	360.85	*	555.0	341.5	 
186	590.1316	361.28946	*	556.3095	341.35715	 
187	590.8684	361.71054	*	557.5	341.5	 
188	591.75	362.25	*	558.6579	341.3421	 
189	592.6	362.45	*	559.8684	341.28946	 
190	593.7105	362.8684	*	561.25	341.25	 
191	594.55	363.4	*	562.2895	341.1316	 
192	595.5	363.5	*	563.7105	340.8684	 
193	596.3	364.0	*	564.75	340.75	 
194	597.4	364.45	*	566.1316	340.71054	 
195	598.2	364.6	*	567.4	340.55	 
196	599.15	364.85	*	568.5	340.5	 
197	599.8684	365.28946	*	569.6905	340.35715	 
198	600.7105	365.5	*	570.8684	340.28946	 
199	601.75	365.75	*	572.2895	340.1316	 
200	602.6111	366.22223	*	573.2895	339.8684	 
201	603.5	366.5	*	574.6579	339.6579	 
202	604.4	366.55	*	575.7105	339.5	 
203	605.2619	366.88095	*	577.2	339.6	 
204	606.0	367.27777	*	578.5	339.5	 
205	606.8684	367.28946	*	579.6579	339.3421	 
206	607.6905	367.64285	*	580.7	339.0	 
207	608.5	367.5	*	582.1316	338.71054	 
208	609.4	368.05	*	583.4091	338.5909	 
209	610.25	368.25	*	584.5	338.5	 
210	611.2	368.4	*	585.75	338.25	 
211	611.9286	368.40475	*	587.1316	338.28946	 
212	612.6579	368.6579	*	588.2895	338.1316	 
213	613.6111	368.77777	*	589.6	337.55	 
214	614.2895	369.1316	*	590.7105	337.5	 
215	615.25	369.25	*	592.2895	337.5	 
216	616.1316	369.28946	*	593.3889	337.22223	 
217	616.8684	369.28946	*	594.7105	336.8684	 
218	617.6	369.45	*	596.0	336.7	 
219	618.5	369.5	*	597.2	336.4	 
220	619.5	369.5	*	598.5	336.5	 
221	620.1316	369.71054	*	599.7	336.0	 
222	621.0	369.7	*	601.1316	335.71054	 
223	621.75	369.75	*	602.5	335.5	 
224	622.6579	369.6579	*	603.6905	335.35715	 
225	623.5	369.71054	*	605.0	335.27777	 
226	624.2895	369.8684	*	606.3421	334.6579	 
227	625.1111	369.83334	*	607.5	334.5	 
228	625.75	369.75	*	609.0	334.27777	 
229	626.75	369.75	*	610.2895	334.1316	 
230	627.45	369.6	*	611.5	333.71054	 
231	628.25	369.75	*	612.7105	333.5	 
232	629.1316	369.71054	*	614.3095	333.35715	 
233	629.85	369.5	*	615.7	333.0	 
234	630.6	369.55	*	616.8684	332.71054	 
235	631.5	369.5	*	618.2895	332.5	 
236	632.5	369.5	*	619.55	332.4	 
237	633.4	369.45	*	620.75	331.75	 
238	634.0	369.27777	*	622.3095	331.64285	 
239	634.7381	369.11905	*	623.5	331.5	 
240	635.7105	368.8684	*	624.85	331.15	 
241	636.45	368.6	*	626.25	330.75	 
242	637.55	368.6	*	627.5	330.5	 
243	638.2895	368.5	*	629.0	330.27777	 
244	638.8684	368.28946	*	630.3421	329.6579	 
245	639.7381	368.11905	*	631.7105	329.5	 
246	640.6	367.8	*	633.1316	329.28946	 
247	641.5	367.5	*	634.6177	328.91177	 
248	642.5	367.5	*	635.85	328.5	 
249	643.3095	367.35715	*	637.4	328.45	 

Track 	Length	Distance traveled	Nr of Frames
1	395.1548	386.7383	249
2	356.1093	349.97873	249
